0.05,0.0073664580323218,-0.0730438758968655,0.0818199620246661,32.00855490158777,19.65124881606988,0.8279662298958137,0.1162613607389292,25869.62592292731,25810.938628907203,1.0022737373043218
0.05,0.0063664580323218,-0.0730438758968655,0.0818199620246661,32.00855490158777,21.65124881606988,0.8079662298958137,0.1362613607389292,26846.501132410416,26803.92339613627,1.0015884889553253
0.05,0.0073664580323218,-0.0730438758968655,0.0818199620246661,32.00855490158777,21.65124881606988,0.7879662298958137,0.15626136073892918,26841.355741405787,26804.21312312632,1.0013857007519247
0.05,0.0063664580323218,-0.0730438758968655,0.0818199620246661,32.00855490158777,21.65124881606988,0.7679662298958136,0.1762613607389291,26837.093393624502,26804.516901670624,1.0012153359104878
0.05,0.0053664580323218,-0.0730438758968655,0.0818199620246661,32.00855490158777,21.65124881606988,0.7479662298958136,0.19626136073892908,26833.504742153753,26804.835779404602,1.0010695444279192
0.05,0.0053664580323218,-0.0730438758968655,0.0818199620246661,32.00855490158777,21.65124881606988,0.7279662298958136,0.216261360738929,26830.441765992746,26805.17091076387,1.0009427604589056
0.05,0.0063664580323218,-0.0730438758968655,0.0818199620246661,32.00855490158777,19.65124881606988,0.7079662298958136,0.23626136073892898,25839.752098244833,25813.177843514313,1.0010294840446077
0.05,0.0053664580323218,-0.0730438758968655,0.0818199620246661,32.00855490158777,19.65124881606988,0.7079662298958136,0.2562613607389289,25839.752098244833,25813.62120103393,1.0010122910306694
0.05,0.0063664580323218,-0.0730438758968655,0.0818199620246661,32.00855490158777,19.65124881606988,0.7079662298958136,0.27626136073892893,25839.752098244833,25814.089027911414,1.0009941497569668
0.05,0.0053664580323218,-0.0730438758968655,0.0818199620246661,32.00855490158777,19.65124881606988,0.7079662298958136,0.2962613607389289,25839.752098244833,25814.583407356895,1.0009749795489926
0.05,0.0033664580323218,-0.0730438758968655,0.0818199620246661,32.00855490158777,19.65124881606988,0.7079662298958136,0.3162613607389289,25839.752098244833,25815.106665961324,1.0009546903137923
0.05,0.0010446120261538186,-0.0730438758968655,0.0818199620246661,31.6265774724979,21.937824715727697,0.8352736182204097,0.07963107576894041,26802.80795352111,26753.82764351649,1.0018307776613224
0.05,0.0010446120261538186,-0.0730438758968655,0.0818199620246661,31.6265774724979,21.937824715727697,0.8152736182204097,0.0996310757689404,26796.377745754733,26754.06603024181,1.0015815059836173
0.05,0.0010446120261538186,-0.0730438758968655,0.0818199620246661,31.6265774724979,21.937824715727697,0.7952736182204097,0.1196310757689404,26791.19749799318,26754.315235711652,1.0013785537755904
0.05,0.0020446120261538,-0.0730438758968655,0.0818199620246661,31.6265774724979,21.937824715727697,0.7752736182204096,0.1396310757689404,26786.935045294947,26754.576013506652,1.001209476531116
0.05,0.0020446120261538,-0.0730438758968655,0.0818199620246661,31.6265774724979,21.937824715727697,0.7552736182204096,0.1596310757689404,26783.366334210532,26754.849188860084,1.001065868289862
0.05,0.0030446120261538,-0.0730438758968655,0.0818199620246661,31.6265774724979,19.937824715727697,0.7352736182204096,0.17963107576894038,25793.006516665388,25762.605716228805,1.0011800359315919
0.05,0.0040446120261538,-0.0730438758968655,0.0818199620246661,31.6265774724979,19.937824715727697,0.7352736182204096,0.1996310757689403,25793.006516665388,25762.96858192848,1.0011659345327921
0.05,0.0030446120261538,-0.0730438758968655,0.0818199620246661,31.6265774724979,19.937824715727697,0.7352736182204096,0.21963107576894028,25793.006516665388,25763.3500231399,1.0011511116954452
0.05,0.0030446120261538,-0.0730438758968655,0.0818199620246661,31.6265774724979,19.937824715727697,0.7352736182204096,0.2396310757689402,25793.006516665388,25763.75150367901,1.0011355106022584
0.05,0.0040446120261538,-0.0730438758968655,0.0818199620246661,31.6265774724979,21.937824715727697,0.7352736182204096,0.2396310757689402,26780.334749362664,26756.085405260113,1.0009063113581549
0.05,0.0030446120261538,-0.0730438758968655,0.0818199620246661,31.6265774724979,19.937824715727697,0.7152736182204096,0.2196310757689402,25789.86108655934,25763.3500231399,1.001029022366875
0.05,0.0030446120261538,-0.0871953987185861,0.1284585318724667,32.96266980313351,21.989653156264037,0.7152736182204096,0.2196310757689402,27513.469895312486,27474.400392875035,1.0014220329426218
0.05,0.0030446120261538,-0.0871953987185861,0.1284585318724667,32.96266980313351,23.98965315626404,0.7152736182204096,0.2196310757689402,28494.653965556376,28462.705477092823,1.0011224684346773
0.05,0.0030446120261538,-0.0871953987185861,0.1284585318724667,28.962669803133508,22.98965315626404,0.7152736182204096,0.2196310757689402,25974.430070922783,25953.163103418254,1.0008194364370842
0.05,0.0030446120261538,-0.0871953987185861,0.1284585318724667,28.962669803133508,21.98965315626404,0.7152736182204096,0.2196310757689402,25483.838035800713,25459.010561310024,1.0009751940057097
0.05,0.0030446120261538,-0.0871953987185861,0.1284585318724667,26.962669803133508,21.48965315626404,0.7152736182204096,0.2196310757689402,24223.726088483854,24204.23937447273,1.0008050950789917
0.05,0.0030446120261538,-0.0871953987185861,0.1284585318724667,24.962669803133508,20.98965315626404,0.7152736182204096,0.2196310757689402,22963.614141166516,22949.46818763593,1.000616395700978
0.05,0.0030446120261538,-0.0871953987185861,0.1284585318724667,24.962669803133508,20.48965315626404,0.7152736182204096,0.2196310757689402,22718.318123605426,22702.39191658206,1.0007015211032337
0.05,0.0030446120261538,-0.0871953987185861,0.1284585318724667,24.962669803133508,19.98965315626404,0.7152736182204096,0.2196310757689402,22473.02210604495,22455.315645527517,1.000788519778432
0.05,0.0030446120261538,-0.0871953987185861,0.1284585318724667,23.962669803133508,19.73965315626404,0.7152736182204096,0.2196310757689402,21842.966132385904,21827.930052108626,1.000688845907119
0.05,0.0030446120261538,-0.0871953987185861,0.1284585318724667,22.962669803133508,19.48965315626404,0.7152736182204096,0.2196310757689402,21212.91015872738,21200.544458690532,1.0005832727579682
0.05,0.0030446120261538,-0.0871953987185861,0.1284585318724667,22.962669803133508,19.23965315626404,0.7152736182204096,0.2196310757689402,21090.262149946986,21077.006323163372,1.0006289236042523
0.05,0.0030446120261538,-0.0871953987185861,0.1284585318724667,21.962669803133508,18.98965315626404,0.7152736182204096,0.2196310757689402,20460.206176288404,20449.620729745162,1.0005176353480163
0.05,0.0030446120261538,-0.0871953987185861,0.1284585318724667,21.962669803133508,18.86465315626404,0.7152736182204096,0.2196310757689402,20398.88217189781,20387.85166198085,1.0005410334595248
0.05,0.0030446120261538,-0.0871953987185861,0.1284585318724667,21.962669803133508,18.73965315626404,0.7152736182204096,0.2196310757689402,20337.558167507883,20326.082594217933,1.0005645737803512
0.05,0.0030446120261538,-0.0871953987185861,0.1284585318724667,21.962669803133508,18.67715315626404,0.7152736182204096,0.2196310757689402,20306.896165312926,20295.198060336403,1.0005763976750435
0.05,0.0030446120261538,-0.0871953987185861,0.1284585318724667,21.962669803133508,18.64590315626404,0.7152736182204096,0.2196310757689402,20291.56516421518,20279.755793395023,1.0005823231275794
0.05,0.0030446120261538,-0.0871953987185861,0.1284585318724667,21.962669803133508,18.63027815626404,0.7152736182204096,0.2196310757689402,20283.89966366619,20272.03465992466,1.0005852892391205
0.05,0.0030446120261538,-0.0871953987185861,0.1284585318724667,21.962669803133508,18.62246565626404,0.7152736182204096,0.2196310757689402,20280.0669133917,20268.174093189493,1.0005867731423426
0.05,0.0030446120261538,-0.0871953987185861,0.1284585318724667,21.962669803133508,18.63027815626404,0.7152736182204096,0.2196310757689402,20283.89966366619,20272.03465992466,1.0005852892391205
0.05,0.0030446120261538,-0.0871953987185861,0.1284585318724667,21.962669803133508,18.62637190626404,0.7152736182204096,0.2196310757689402,20281.983288528947,20270.104376557072,1.0005860311200772
0.05,0.0030446120261538,-0.0871953987185861,0.1284585318724667,21.962669803133508,18.62441878126404,0.7152736182204096,0.2196310757689402,20281.02510096067,20269.13923487328,1.0005864021135609
0.05,0.0030446120261538,-0.0871953987185861,0.1284585318724667,21.962669803133508,18.62246565626404,0.7152736182204096,0.2196310757689402,20280.0669133917,20268.174093189493,1.0005867731423426
0.05,0.0030446120261538,-0.0871953987185861,0.1284585318724667,33.76511032671475,21.824969452749595,0.7152736182204096,0.2196310757689402,27839.84209506044,27797.32914005477,1.0015293899205737
0.05,0.0030446120261538,-0.0871953987185861,0.1284585318724667,33.76511032671475,23.824969452749595,0.7152736182204096,0.2196310757689402,28821.026165304753,28785.63422427249,1.0012295001303957
0.05,0.0030446120261538,-0.0871953987185861,0.1284585318724667,29.765110326714744,22.824969452749595,0.7152736182204096,0.2196310757689402,26300.80227066933,26276.0918505984,1.0009404145872007
0.05,0.0030446120261538,-0.0871953987185861,0.1284585318724667,27.765110326714744,22.324969452749595,0.7152736182204096,0.2196310757689402,25040.690323352574,25021.320663761744,1.0007741261882663
0.05,0.0030446120261538,-0.0871953987185861,0.1284585318724667,23.765110326714744,21.824969452749595,0.7152736182204096,0.2196310757689402,22765.76244627959,22758.854561142183,1.000303525167264
0.05,0.0030446120261538,-0.0871953987185861,0.1284585318724667,25.765110326714744,21.324969452749595,0.7152736182204096,0.2196310757689402,23535.28235847421,23519.473205870036,1.0006721729039505
0.05,0.0030446120261538,-0.0871953987185861,0.1284585318724667,25.765110326714744,20.824969452749595,0.7152736182204096,0.2196310757689402,23289.98634091373,23272.396934816177,1.0007558055213144
0.05,0.0030446120261538,-0.0871953987185861,0.1284585318724667,24.765110326714744,20.574969452749595,0.7152736182204096,0.2196310757689402,22659.930367254783,22645.011341398058,1.0006588217436416
0.05,0.0030446120261538,-0.0871953987185861,0.1284585318724667,23.765110326714744,20.324969452749595,0.7152736182204096,0.2196310757689402,22029.874393596434,22017.62574797926,1.0005563109191418
0.05,0.0030446120261538,-0.0871953987185861,0.1284585318724667,22.765110326714744,20.074969452749595,0.7152736182204096,0.2196310757689402,21399.81841993791,21390.24015456041,1.000447786715263
0.05,0.0030446120261538,-0.0871953987185861,0.1284585318724667,22.765110326714744,19.949969452749595,0.7152736182204096,0.2196310757689402,21338.49441554809,21328.471086796828,1.0004699506453356
0.05,0.0030446120261538,-0.0871953987185861,0.1284585318724667,22.765110326714744,19.887469452749595,0.7152736182204096,0.2196310757689402,21307.832413353088,21297.58655291532,1.0004810808216373
0.05,0.0030446120261538,-0.0871953987185861,0.1284585318724667,23.015110326714744,19.824969452749595,0.7152736182204096,0.2196310757689402,21404.02240237683,21392.663883505833,1.0005309539257408
0.05,0.0030446120261538,-0.0871953987185861,0.1284585318724667,22.765110326714744,19.762469452749595,0.7152736182204096,0.2196310757689402,21246.508408962392,21235.817485151725,1.0005034382979672
0.05,0.0030446120261538,-0.0871953987185861,0.1284585318724667,22.515110326714744,19.699969452749595,0.7152736182204096,0.2196310757689402,21088.994415548077,21078.97108679683,1.0004755131884746
0.05,0.0030446120261538,-0.0871953987185861,0.1284585318724667,22.515110326714744,19.637469452749595,0.7152736182204096,0.2196310757689402,21058.332413353084,21048.08655291532,1.0004867834618603
0.05,0.0030446120261538,-0.0871953987185861,0.1284585318724667,22.515110326714744,19.574969452749595,0.7152736182204096,0.2196310757689402,21027.670411157393,21017.202019033797,1.0004980868582847
0.05,0.0030446120261538,-0.0871953987185861,0.1284585318724667,22.515110326714744,19.512469452749595,0.7152736182204096,0.2196310757689402,20997.008408962403,20986.31748515171,1.0005094235240775
0.05,0.0030446120261538,-0.0871953987185861,0.1284585318724667,22.765110326714744,19.449969452749595,0.7152736182204096,0.2196310757689402,21093.198397986955,21081.394815742937,1.0005599051840348
0.05,0.0030446120261538,-0.0871953987185861,0.1284585318724667,22.515110326714744,19.387469452749595,0.7152736182204096,0.2196310757689402,20935.684404572523,20924.54841738806,1.000532197252831
0.05,0.0030446120261538,-0.0871953987185861,0.1284585318724667,22.265110326714744,19.324969452749595,0.7152736182204096,0.2196310757689402,20778.170411157393,20767.702019033793,1.0005040707977226
0.05,0.0030446120261538,-0.0871953987185861,0.1284585318724667,22.265110326714744,19.262469452749595,0.7152736182204096,0.2196310757689402,20747.508408962418,20736.817485151696,1.0005155527755585
0.05,0.0030446120261538,-0.0871953987185861,0.1284585318724667,22.265110326714744,19.231219452749595,0.7152736182204096,0.2196310757689402,20732.177407864663,20721.37521821087,1.0005213065995882
0.05,0.0030446120261538,-0.0871953987185861,0.1284585318724667,22.265110326714744,19.215594452749595,0.7152736182204096,0.2196310757689402,20724.51190731644,20713.65408474054,1.0005241867287866
0.05,0.0030446120261538,-0.0871953987185861,0.1284585318724667,22.265110326714744,19.199969452749595,0.7152736182204096,0.2196310757689402,20716.846406767494,20705.93295127017,1.0005270690059225
0.05,0.0030446120261538,-0.0871953987185861,0.1284585318724667,22.265110326714744,19.184344452749595,0.7152736182204096,0.2196310757689402,20709.18090621868,20698.211817799092,1.0005299534334726
0.05,0.0030446120261538,-0.0871953987185861,0.1284585318724667,22.265110326714744,19.168719452749595,0.7152736182204096,0.2196310757689402,20701.515405669736,20690.490684328764,1.0005328400137616
0.05,0.0030446120261538,-0.0871953987185861,0.1284585318724667,22.265110326714744,19.153094452749595,0.7152736182204096,0.2196310757689402,20693.849905121464,20682.769550858404,1.0005357287492767
0.05,0.0030446120261538,-0.0871953987185861,0.1284585318724667,22.265110326714744,19.137469452749595,0.7152736182204096,0.2196310757689402,20686.18440457252,20675.048417388076,1.0005386196423645
0.05,0.0030446120261538,-0.0871953987185861,0.1284585318724667,22.265110326714744,19.121844452749595,0.7152736182204096,0.2196310757689402,20678.51890402371,20667.327283917573,1.0005415126954924
0.05,0.0030446120261538,-0.0871953987185861,0.1284585318724667,22.327610326714744,19.106219452749595,0.7152736182204096,0.2196310757689402,20702.566401279077,20691.096616565144,1.0005543343074794
0.05,0.0030446120261538,-0.0871953987185861,0.1284585318724667,22.202610326714744,19.090594452749595,0.7152736182204096,0.2196310757689402,20631.474905121464,20620.394550858407,1.0005373492847447
0.05,0.0030446120261538,-0.0871953987185861,0.1284585318724667,22.202610326714744,19.074969452749595,0.7152736182204096,0.2196310757689402,20623.80940457252,20612.673417388083,1.0005402495328453
0.05,0.0030446120261538,-0.0871953987185861,0.1284585318724667,22.202610326714744,19.059344452749595,0.7152736182204096,0.2196310757689402,20616.14390402371,20604.952283917573,1.0005431519545362
0.05,0.0030446120261538,-0.0871953987185861,0.1284585318724667,22.202610326714744,19.043719452749595,0.7152736182204096,0.2196310757689402,20608.478403474764,20597.231150447213,1.0005460565522326
0.05,0.0030446120261538,-0.0871953987185861,0.1284585318724667,22.265110326714744,19.028094452749595,0.7152736182204096,0.2196310757689402,20632.525900730812,20621.000483094645,1.000558916510652
0.05,0.0030446120261538,-0.0871953987185861,0.1284585318724667,22.140110326714744,19.012469452749595,0.7152736182204096,0.2196310757689402,20561.43440457252,20550.298417388087,1.0005418893175297
0.05,0.0030446120261538,-0.0871953987185861,0.1284585318724667,22.140110326714744,18.996844452749595,0.7152736182204096,0.2196310757689402,20553.76890402371,20542.577283917577,1.0005448011683955
0.05,0.0030446120261538,-0.0871953987185861,0.1284585318724667,22.140110326714744,18.981219452749595,0.7152736182204096,0.2196310757689402,20546.103403474764,20534.856150447216,1.000547715208967
0.05,0.0030446120261538,-0.0871953987185861,0.1284585318724667,22.140110326714744,18.965594452749595,0.7152736182204096,0.2196310757689402,20538.43790292578,20527.13501697689,1.0005506314417254
0.05,0.0030446120261538,-0.0871953987185861,0.1284585318724667,22.202610326714744,18.949969452749595,0.7152736182204096,0.2196310757689402,20562.48540018187,20550.904349624318,1.0005635299722353
0.05,0.0030446120261538,-0.0871953987185861,0.1284585318724667,22.077610326714744,18.934344452749595,0.7152736182204096,0.2196310757689402,20491.39390402371,20480.20228391758,1.000546460428026
0.05,0.0030446120261538,-0.0871953987185861,0.1284585318724667,22.077610326714744,18.918719452749595,0.7152736182204096,0.2196310757689402,20483.728403474764,20472.48115044722,1.000549383972802
0.05,0.0030446120261538,-0.0871953987185861,0.1284585318724667,22.077610326714744,18.903094452749595,0.7152736182204096,0.2196310757689402,20476.06290292578,20464.76001697689,1.0005523097236182
0.05,0.0030446120261538,-0.0871953987185861,0.1284585318724667,22.077610326714744,18.887469452749595,0.7152736182204096,0.2196310757689402,20468.397402376835,20457.038883505847,1.0005552376830131
0.05,0.0030446120261538,-0.0871953987185861,0.1284585318724667,22.077610326714744,18.871844452749595,0.7152736182204096,0.2196310757689402,20460.73190182803,20449.317750035476,1.0005581678534254
0.05,0.0030446120261538,-0.0871953987185861,0.1284585318724667,22.140110326714744,18.856219452749595,0.7152736182204096,0.2196310757689402,20484.779399084124,20473.087082683625,1.0005711066608214
0.05,0.0030446120261538,-0.0871953987185861,0.1284585318724667,22.015110326714744,18.840594452749595,0.7152736182204096,0.2196310757689402,20413.68790292578,20402.385016976896,1.000553998267334
0.05,0.0030446120261538,-0.0871953987185861,0.1284585318724667,22.015110326714744,18.824969452749595,0.7152736182204096,0.2196310757689402,20406.022402376835,20394.663883505847,1.0005569358208533
0.05,0.0030446120261538,-0.0871953987185861,0.1284585318724667,22.015110326714744,18.809344452749595,0.7152736182204096,0.2196310757689402,20398.35690182803,20386.942750035476,1.0005598755994218
0.05,0.0030446120261538,-0.0871953987185861,0.1284585318724667,22.015110326714744,18.793719452749595,0.7152736182204096,0.2196310757689402,20390.691401279084,20379.221616565148,1.0005628176055856
0.05,0.0030446120261538,-0.0871953987185861,0.1284585318724667,22.077610326714744,18.778094452749595,0.7152736182204096,0.2196310757689402,20414.738898535856,20402.990949213297,1.0005757954484125
0.05,0.0030446120261538,-0.0871953987185861,0.1284585318724667,21.952610326714744,18.762469452749595,0.7152736182204096,0.2196310757689402,20343.647402376835,20332.28888350585,1.0005586443777217
0.05,0.0030446120261538,-0.0871953987185861,0.1284585318724667,21.952610326714744,18.746844452749595,0.7152736182204096,0.2196310757689402,20335.98190182803,20324.567750035476,1.0005615938273784
0.05,0.0030446120261538,-0.0871953987185861,0.1284585318724667,21.952610326714744,18.731219452749595,0.7152736182204096,0.2196310757689402,20328.316401279088,20316.846616565148,1.0005645455188201
0.05,0.0030446120261538,-0.0871953987185861,0.1284585318724667,21.952610326714744,18.715594452749595,0.7152736182204096,0.2196310757689402,20320.650900730827,20309.12548309465,1.0005674994546552
0.05,0.0030446120261538,-0.0871953987185861,0.1284585318724667,21.952610326714744,18.699969452749595,0.7152736182204096,0.2196310757689402,20312.985400181886,20301.40434962432,1.0005704556373598
0.05,0.0030446120261538,-0.0871953987185861,0.1284585318724667,22.015110326714744,18.684344452749595,0.7152736182204096,0.2196310757689402,20337.0328974381,20325.173682272605,1.0005834742349995
0.05,0.0030446120261538,-0.0871953987185861,0.1284585318724667,21.890110326714744,18.668719452749595,0.7152736182204096,0.2196310757689402,20265.941401279088,20254.47161656515,1.000566284074503
0.05,0.0030446120261538,-0.0871953987185861,0.1284585318724667,21.890110326714744,18.653094452749595,0.7152736182204096,0.2196310757689402,20258.27590073083,20246.75048309465,1.0005692477736516
